01 00 00 00 <- 00 00
02 00 00 00 <- 00 00
02 00 00 02 <- 0f 0f
02 00 00 08 <- 08 00
02 00 00 0e <- 08 00
02 00 00 10 <- 0f 0f
02 00 00 12 <- 00 00
02 00 00 14 <- 00 00
02 00 00 16 <- 00 00
02 00 00 18 <- 00 00
02 00 00 1a <- 00 00
02 00 00 1c <- 00 00
02 00 00 1e <- 00 00
02 00 00 20 <- 00 00
02 00 00 22 <- 00 00
02 00 00 24 <- 00 00
02 00 00 26 <- 00 00
02 00 00 28 <- 00 00
02 00 00 2a <- 00 00
02 00 00 2c <- 00 00
02 00 00 2e <- 00 00
02 00 00 30 <- 00 00
02 00 00 32 <- 00 00
02 00 00 34 <- 00 00
02 00 00 36 <- 00 00
02 00 00 38 <- 00 00
02 00 00 3a <- 00 00
02 00 00 3c <- 00 03
02 00 00 3e <- 00 01
02 00 00 40 <- 00 00
02 00 00 42 <- 00 00
02 00 00 46 <- 00 00
02 00 00 4a <- 00 00
02 00 00 4e <- 00 00
02 00 00 52 <- 00 00
02 00 00 56 <- 00 00
02 00 00 58 <- 00 00
02 00 00 5a <- 00 00
02 00 00 5c <- 00 00
02 00 00 5e <- 00 00
02 00 00 60 <- 00 00
02 01 00 00 <- 00 00
02 01 00 02 <- 00 00
02 01 00 04 <- 00 00
02 01 00 06 <- 01 01
02 01 00 08 <- 00 00
02 01 00 0a <- 00 00
02 01 00 0c <- 00 01
02 01 00 0e <- 00 01
02 01 00 10 <- 00 00
02 01 00 12 <- 00 00
02 01 00 14 <- 08 00
02 01 00 16 <- 00 00
02 01 00 18 <- 00 00
02 01 00 1a <- 00 01
02 01 00 1c <- 00 00
02 01 00 1e <- 00 00
02 01 00 20 <- 00 00
02 01 00 22 <- 00 00
02 01 00 24 <- 00 00
02 02 00 00 <- 08 04
02 02 00 04 <- 00 00
02 02 00 06 <- 00 00
02 02 00 08 <- 00 00
02 02 00 0a <- 00 00
02 02 00 0c <- 00 00
02 02 00 0e <- 00 00
02 02 00 10 <- 00 00
02 02 00 12 <- 00 00
02 02 00 14 <- 00 00
02 02 00 16 <- 06 04
02 02 00 18 <- 06 04
02 02 00 1a <- 00 00
02 02 00 1c <- 00 00
02 00 00 10 <- 0f 0f
02 00 00 02 <- 00 00
02 01 00 0e <- 00 01
02 01 00 0c <- 00 01
02 00 00 3c <- 00 01
d6 00 dc 00 <- 06 09
d6 00 dc 00 <- 06 09
d6 00 dc 00 <- 06 09
03 00 00 00 <- 09 02
03 00 00 02 <- 00 04
03 00 00 04 <- 00 00
03 00 05 04 <- 04 0e
03 00 05 06 <- 08 00
03 00 05 02 <- 0f 0f
03 00 0a 02 <- 00 00
03 00 0a 04 <- 0d 0e
03 00 0a 06 <- 00 00
03 00 0f 04 <- 06 04
03 00 0f 02 <- 00 00
03 00 0f 00 <- 08 00
03 00 14 04 <- 08 00
03 00 14 02 <- 04 00
03 00 14 08 <- 0b 04
03 00 19 04 <- 08 00
03 00 19 02 <- 01 08
03 00 19 08 <- 0b 04
03 00 1e 02 <- 08 00
03 00 1e 04 <- 08 00
03 00 1e 00 <- 0f 0f
03 00 23 02 <- 08 00
03 00 23 04 <- 08 00
03 00 23 00 <- 0f 0f
03 00 28 04 <- 0a 0c
03 00 28 06 <- 07 08
03 00 28 02 <- 08 00
03 00 2d 00 <- 00 02
03 00 2d 02 <- 0c 08
03 00 2d 04 <- 08 00
03 00 32 0e <- 02 01
03 00 32 14 <- 02 04
03 00 32 1a <- 01 08
03 00 37 06 <- 02 08
03 00 37 0c <- 0f 0f
03 00 37 0a <- 06 04
03 00 3c 00 <- 00 00
03 00 3c 02 <- 0c 08
03 00 3c 04 <- 00 00
03 00 41 06 <- 08 00
03 00 41 00 <- 06 00
03 00 41 04 <- 08 00
03 00 46 00 <- 00 00
03 00 46 02 <- 08 00
03 00 46 04 <- 08 00
03 00 4b 08 <- 0d 0c
03 00 4b 06 <- 0b 02
03 00 4b 00 <- 00 01
03 00 50 04 <- 08 00
03 00 50 08 <- 08 00
03 00 50 02 <- 08 00
03 00 55 02 <- 00 05
03 00 55 04 <- 08 00
03 00 55 00 <- 08 00
03 00 5a 02 <- 00 0a
03 00 5a 06 <- 01 04
03 00 5a 12 <- 00 0a
03 00 5f 00 <- 00 01
03 00 5f 02 <- 00 04
03 00 5f 0c <- 08 00
03 00 64 00 <- 08 00
03 00 64 02 <- 00 00
03 00 64 0a <- 08 00
03 00 69 00 <- 01 03
03 00 69 08 <- 01 0f
03 00 69 14 <- 08 00
03 00 6e 22 <- 00 00
03 00 6e 04 <- 0a 00
03 00 6e 20 <- 0f 0f
03 00 73 02 <- 0f 0f
03 00 73 00 <- 00 02
03 00 73 08 <- 00 00
03 00 78 04 <- 0f 0f
03 00 78 00 <- 00 05
03 00 78 06 <- 0a 0a
03 00 7d 00 <- 00 00
03 00 7d 04 <- 04 07
03 00 7d 02 <- 0f 0f
03 01 02 00 <- 00 00
03 01 02 02 <- 00 00
03 01 02 04 <- 0f 0f
03 01 07 00 <- 08 00
03 01 07 02 <- 08 00
03 01 07 06 <- 08 00
03 01 0c 00 <- 08 00
03 01 0c 02 <- 08 00
03 01 0c 06 <- 08 00
03 01 11 00 <- 00 04
03 01 11 02 <- 00 04
03 01 11 06 <- 00 01
03 01 16 00 <- 06 04
03 01 16 02 <- 03 02
03 01 16 04 <- 0c 08
03 01 1b 00 <- 0a 00
03 01 1b 02 <- 00 00
03 01 1b 04 <- 00 00
03 01 20 1a <- 08 08
03 01 20 1c <- 0e 06
03 01 20 1e <- 01 00
03 01 25 04 <- 08 00
03 01 25 06 <- 08 00
03 01 25 00 <- 00 02
03 01 2a 06 <- 01 01
03 01 2a 08 <- 00 00
03 01 2a 0c <- 08 00
03 01 2f 02 <- 00 05
03 01 2f 04 <- 0b 04
03 01 2f 14 <- 00 00
03 01 34 00 <- 0f 0f
03 01 34 02 <- 00 00
03 01 34 04 <- 0f 0f
03 01 39 02 <- 02 00
03 01 39 00 <- 04 00
03 01 39 08 <- 08 00
03 01 3e 04 <- 0f 0f
03 01 3e 00 <- 04 06
03 01 3e 02 <- 02 08
03 01 43 02 <- 00 00
03 01 43 04 <- 00 00
03 01 43 00 <- 08 00
03 01 48 02 <- 06 0e
03 01 48 06 <- 06 08
03 01 48 12 <- 08 00
03 01 4d 00 <- 01 01
03 01 4d 02 <- 08 00
03 01 4d 0a <- 08 00
03 01 52 00 <- 08 00
03 01 52 02 <- 08 00
03 01 52 04 <- 0f 0f
03 01 57 00 <- 04 00
03 01 57 02 <- 08 00
03 01 57 04 <- 08 00
03 01 5c 00 <- 0f 0f
d6 38 dc 00 <- 06 09
d6 38 dc 00 <- 06 09
03 01 61 00 <- 00 00
03 01 61 02 <- 0f 0f
03 01 61 04 <- 00 00
03 01 66 04 <- 09 0a
03 01 66 02 <- 07 08
03 01 66 00 <- 09 0a
03 01 6b 00 <- 00 00
03 01 6b 02 <- 04 0e
03 01 6b 04 <- 00 00
d6 00 dc 00 <- 06 09
d6 00 dc 00 <- 06 09
d6 00 dc 00 <- 06 09
03 00 01 00 <- 09 02
03 00 01 02 <- 00 04
03 00 01 04 <- 00 00
03 00 06 04 <- 04 0e
03 00 06 06 <- 08 00
03 00 06 02 <- 0f 0f
03 00 0b 02 <- 00 00
03 00 0b 04 <- 0d 0e
03 00 0b 06 <- 00 00
03 00 10 04 <- 06 04
03 00 10 02 <- 00 00
03 00 10 00 <- 08 00
03 00 15 04 <- 08 00
03 00 15 02 <- 04 00
03 00 15 08 <- 0b 04
03 00 1a 04 <- 08 00
03 00 1a 02 <- 01 08
03 00 1a 08 <- 0b 04
03 00 1f 02 <- 08 00
03 00 1f 04 <- 08 00
03 00 1f 00 <- 0f 0f
03 00 24 02 <- 08 00
03 00 24 04 <- 08 00
03 00 24 00 <- 0f 0f
03 00 29 04 <- 0a 0c
03 00 29 06 <- 07 08
03 00 29 02 <- 08 00
03 00 2e 00 <- 00 02
03 00 2e 02 <- 0c 08
03 00 2e 04 <- 08 00
03 00 33 0e <- 02 01
03 00 33 14 <- 02 04
03 00 33 1a <- 01 08
03 00 38 06 <- 02 08
03 00 38 0c <- 0f 0f
03 00 38 0a <- 06 04
03 00 3d 00 <- 00 00
03 00 3d 02 <- 0c 08
03 00 3d 04 <- 00 00
03 00 42 06 <- 08 00
03 00 42 00 <- 06 00
03 00 42 04 <- 08 00
03 00 47 00 <- 00 00
03 00 47 02 <- 08 00
03 00 47 04 <- 08 00
03 00 4c 08 <- 0d 0c
03 00 4c 06 <- 0b 02
03 00 4c 00 <- 00 01
03 00 51 04 <- 08 00
03 00 51 08 <- 08 00
03 00 51 02 <- 08 00
03 00 56 02 <- 00 05
03 00 56 04 <- 08 00
03 00 56 00 <- 08 00
03 00 5b 02 <- 00 0a
03 00 5b 06 <- 01 04
03 00 5b 12 <- 00 0a
03 00 60 00 <- 00 01
03 00 60 02 <- 00 04
03 00 60 0c <- 08 00
03 00 65 00 <- 08 00
03 00 65 02 <- 00 00
03 00 65 0a <- 08 00
03 00 6a 00 <- 01 03
03 00 6a 08 <- 01 0f
03 00 6a 14 <- 08 00
03 00 6f 22 <- 00 00
03 00 6f 04 <- 0a 00
03 00 6f 20 <- 0f 0f
03 00 74 02 <- 0f 0f
03 00 74 00 <- 00 02
03 00 74 08 <- 00 00
03 00 79 04 <- 0f 0f
03 00 79 00 <- 00 05
03 00 79 06 <- 0a 0a
03 00 7e 00 <- 00 00
03 00 7e 04 <- 04 07
03 00 7e 02 <- 0f 0f
03 01 03 00 <- 00 00
03 01 03 02 <- 00 00
03 01 03 04 <- 0f 0f
03 01 08 00 <- 08 00
03 01 08 02 <- 08 00
03 01 08 06 <- 08 00
03 01 0d 00 <- 08 00
03 01 0d 02 <- 08 00
03 01 0d 06 <- 08 00
03 01 12 00 <- 00 04
03 01 12 02 <- 00 04
03 01 12 06 <- 00 01
03 01 17 00 <- 06 04
03 01 17 02 <- 03 02
03 01 17 04 <- 0c 08
03 01 1c 00 <- 0a 00
03 01 1c 02 <- 00 00
03 01 1c 04 <- 00 00
03 01 21 1a <- 08 08
03 01 21 1c <- 0e 06
03 01 21 1e <- 01 00
03 01 26 04 <- 08 00
03 01 26 06 <- 08 00
03 01 26 00 <- 00 02
03 01 2b 06 <- 01 01
03 01 2b 08 <- 00 00
03 01 2b 0c <- 08 00
03 01 30 02 <- 00 05
03 01 30 04 <- 0b 04
03 01 30 14 <- 00 00
03 01 35 00 <- 0f 0f
03 01 35 02 <- 00 00
03 01 35 04 <- 0f 0f
03 01 3a 02 <- 02 00
03 01 3a 00 <- 04 00
03 01 3a 08 <- 08 00
03 01 3f 04 <- 0f 0f
03 01 3f 00 <- 04 06
03 01 3f 02 <- 02 08
03 01 44 02 <- 00 00
03 01 44 04 <- 00 00
03 01 44 00 <- 08 00
03 01 49 02 <- 06 0e
03 01 49 06 <- 06 08
03 01 49 12 <- 08 00
03 01 4e 00 <- 01 01
03 01 4e 02 <- 08 00
03 01 4e 0a <- 08 00
03 01 53 00 <- 08 00
03 01 53 02 <- 08 00
03 01 53 04 <- 0f 0f
03 01 58 00 <- 04 00
03 01 58 02 <- 08 00
03 01 58 04 <- 08 00
03 01 5d 00 <- 0f 0f
d6 38 dc 00 <- 06 09
d6 38 dc 00 <- 06 09
03 01 62 00 <- 00 00
03 01 62 02 <- 0f 0f
03 01 62 04 <- 00 00
03 01 67 04 <- 09 0a
03 01 67 02 <- 07 08
03 01 67 00 <- 09 0a
03 01 6c 00 <- 00 00
03 01 6c 02 <- 04 0e
03 01 6c 04 <- 00 00
d6 00 dc 00 <- 06 09
d6 00 dc 00 <- 06 09
d6 00 dc 00 <- 06 09
03 00 02 00 <- 09 02
03 00 02 02 <- 00 04
03 00 02 04 <- 00 00
03 00 07 04 <- 04 0e
03 00 07 06 <- 08 00
03 00 07 02 <- 0f 0f
03 00 0c 02 <- 00 00
03 00 0c 04 <- 0d 0e
03 00 0c 06 <- 00 00
03 00 11 04 <- 06 04
03 00 11 02 <- 00 00
03 00 11 00 <- 08 00
03 00 16 04 <- 08 00
03 00 16 02 <- 04 00
03 00 16 08 <- 0b 04
03 00 1b 04 <- 08 00
03 00 1b 02 <- 01 08
03 00 1b 08 <- 0b 04
03 00 20 02 <- 08 00
03 00 20 04 <- 08 00
03 00 20 00 <- 0f 0f
03 00 25 02 <- 08 00
03 00 25 04 <- 08 00
03 00 25 00 <- 0f 0f
03 00 2a 04 <- 0a 0c
03 00 2a 06 <- 07 08
03 00 2a 02 <- 08 00
03 00 2f 00 <- 00 02
03 00 2f 02 <- 0c 08
03 00 2f 04 <- 08 00
03 00 34 0e <- 02 01
03 00 34 14 <- 02 04
03 00 34 1a <- 01 08
03 00 39 06 <- 02 08
03 00 39 0c <- 0f 0f
03 00 39 0a <- 06 04
03 00 3e 00 <- 00 00
03 00 3e 02 <- 0c 08
03 00 3e 04 <- 00 00
03 00 43 06 <- 08 00
03 00 43 00 <- 06 00
03 00 43 04 <- 08 00
03 00 48 00 <- 00 00
03 00 48 02 <- 08 00
03 00 48 04 <- 08 00
03 00 4d 08 <- 0d 0c
03 00 4d 06 <- 0b 02
03 00 4d 00 <- 00 01
03 00 52 04 <- 08 00
03 00 52 08 <- 08 00
03 00 52 02 <- 08 00
03 00 57 02 <- 00 05
03 00 57 04 <- 08 00
03 00 57 00 <- 08 00
03 00 5c 02 <- 00 0a
03 00 5c 06 <- 01 04
03 00 5c 12 <- 00 0a
03 00 61 00 <- 00 01
03 00 61 02 <- 00 04
03 00 61 0c <- 08 00
03 00 66 00 <- 08 00
03 00 66 02 <- 00 00
03 00 66 0a <- 08 00
03 00 6b 00 <- 01 03
03 00 6b 08 <- 01 0f
03 00 6b 14 <- 08 00
03 00 70 22 <- 00 00
03 00 70 04 <- 0a 00
03 00 70 20 <- 0f 0f
03 00 75 02 <- 0f 0f
03 00 75 00 <- 00 02
03 00 75 08 <- 00 00
03 00 7a 04 <- 0f 0f
03 00 7a 00 <- 00 05
03 00 7a 06 <- 0a 0a
03 00 7f 00 <- 00 00
03 00 7f 04 <- 04 07
03 00 7f 02 <- 0f 0f
03 01 04 00 <- 00 00
03 01 04 02 <- 00 00
03 01 04 04 <- 0f 0f
03 01 09 00 <- 08 00
03 01 09 02 <- 08 00
03 01 09 06 <- 08 00
03 01 0e 00 <- 08 00
03 01 0e 02 <- 08 00
03 01 0e 06 <- 08 00
03 01 13 00 <- 00 04
03 01 13 02 <- 00 04
03 01 13 06 <- 00 01
03 01 18 00 <- 06 04
03 01 18 02 <- 03 02
03 01 18 04 <- 0c 08
03 01 1d 00 <- 0a 00
03 01 1d 02 <- 00 00
03 01 1d 04 <- 00 00
03 01 22 1a <- 08 08
03 01 22 1c <- 0e 06
03 01 22 1e <- 01 00
03 01 27 04 <- 08 00
03 01 27 06 <- 08 00
03 01 27 00 <- 00 02
03 01 2c 06 <- 01 01
03 01 2c 08 <- 00 00
03 01 2c 0c <- 08 00
03 01 31 02 <- 00 05
03 01 31 04 <- 0b 04
03 01 31 14 <- 00 00
03 01 36 00 <- 0f 0f
03 01 36 02 <- 00 00
03 01 36 04 <- 0f 0f
03 01 3b 02 <- 02 00
03 01 3b 00 <- 04 00
03 01 3b 08 <- 08 00
03 01 40 04 <- 0f 0f
03 01 40 00 <- 04 06
03 01 40 02 <- 02 08
03 01 45 02 <- 00 00
03 01 45 04 <- 00 00
03 01 45 00 <- 08 00
03 01 4a 02 <- 06 0e
03 01 4a 06 <- 06 08
03 01 4a 12 <- 08 00
03 01 4f 00 <- 01 01
03 01 4f 02 <- 08 00
03 01 4f 0a <- 08 00
03 01 54 00 <- 08 00
03 01 54 02 <- 08 00
03 01 54 04 <- 0f 0f
03 01 59 00 <- 04 00
03 01 59 02 <- 08 00
03 01 59 04 <- 08 00
03 01 5e 00 <- 0f 0f
d6 38 dc 00 <- 06 09
d6 38 dc 00 <- 06 09
03 01 63 00 <- 00 00
03 01 63 02 <- 0f 0f
03 01 63 04 <- 00 00
03 01 68 04 <- 09 0a
03 01 68 02 <- 07 08
03 01 68 00 <- 09 0a
03 01 6d 00 <- 00 00
03 01 6d 02 <- 04 0e
03 01 6d 04 <- 00 00
d6 00 dc 00 <- 06 09
d6 00 dc 00 <- 06 09
d6 00 dc 00 <- 06 09
03 00 03 00 <- 09 02
03 00 03 02 <- 00 04
03 00 03 04 <- 00 00
03 00 08 04 <- 04 0e
03 00 08 06 <- 08 00
03 00 08 02 <- 0f 0f
03 00 0d 02 <- 00 00
03 00 0d 04 <- 0d 0e
03 00 0d 06 <- 00 00
03 00 12 04 <- 06 04
03 00 12 02 <- 00 00
03 00 12 00 <- 08 00
03 00 17 04 <- 08 00
03 00 17 02 <- 04 00
03 00 17 08 <- 0b 04
03 00 1c 04 <- 08 00
03 00 1c 02 <- 01 08
03 00 1c 08 <- 0b 04
03 00 21 02 <- 08 00
03 00 21 04 <- 08 00
03 00 21 00 <- 0f 0f
03 00 26 02 <- 08 00
03 00 26 04 <- 08 00
03 00 26 00 <- 0f 0f
03 00 2b 04 <- 0a 0c
03 00 2b 06 <- 07 08
03 00 2b 02 <- 08 00
03 00 30 00 <- 00 02
03 00 30 02 <- 0c 08
03 00 30 04 <- 08 00
03 00 35 0e <- 02 01
03 00 35 14 <- 02 04
03 00 35 1a <- 01 08
03 00 3a 06 <- 02 08
03 00 3a 0c <- 0f 0f
03 00 3a 0a <- 06 04
03 00 3f 00 <- 00 00
03 00 3f 02 <- 0c 08
03 00 3f 04 <- 00 00
03 00 44 06 <- 08 00
03 00 44 00 <- 06 00
03 00 44 04 <- 08 00
03 00 49 00 <- 00 00
03 00 49 02 <- 08 00
03 00 49 04 <- 08 00
03 00 4e 08 <- 0d 0c
03 00 4e 06 <- 0b 02
03 00 4e 00 <- 00 01
03 00 53 04 <- 08 00
03 00 53 08 <- 08 00
03 00 53 02 <- 08 00
03 00 58 02 <- 00 05
03 00 58 04 <- 08 00
03 00 58 00 <- 08 00
03 00 5d 02 <- 00 0a
03 00 5d 06 <- 01 04
03 00 5d 12 <- 00 0a
03 00 62 00 <- 00 01
03 00 62 02 <- 00 04
03 00 62 0c <- 08 00
03 00 67 00 <- 08 00
03 00 67 02 <- 00 00
03 00 67 0a <- 08 00
03 00 6c 00 <- 01 03
03 00 6c 08 <- 01 0f
03 00 6c 14 <- 08 00
03 00 71 22 <- 00 00
03 00 71 04 <- 0a 00
03 00 71 20 <- 0f 0f
03 00 76 02 <- 0f 0f
03 00 76 00 <- 00 02
03 00 76 08 <- 00 00
03 00 7b 04 <- 0f 0f
03 00 7b 00 <- 00 05
03 00 7b 06 <- 0a 0a
03 01 00 00 <- 00 00
03 01 00 04 <- 04 07
03 01 00 02 <- 0f 0f
03 01 05 00 <- 00 00
03 01 05 02 <- 00 00
03 01 05 04 <- 0f 0f
03 01 0a 00 <- 08 00
03 01 0a 02 <- 08 00
03 01 0a 06 <- 08 00
03 01 0f 00 <- 08 00
03 01 0f 02 <- 08 00
03 01 0f 06 <- 08 00
03 01 14 00 <- 00 04
03 01 14 02 <- 00 04
03 01 14 06 <- 00 01
03 01 19 00 <- 06 04
03 01 19 02 <- 03 02
03 01 19 04 <- 0c 08
03 01 1e 00 <- 0a 00
03 01 1e 02 <- 00 00
03 01 1e 04 <- 00 00
03 01 23 1a <- 08 08
03 01 23 1c <- 0e 06
03 01 23 1e <- 01 00
03 01 28 04 <- 08 00
03 01 28 06 <- 08 00
03 01 28 00 <- 00 02
03 01 2d 06 <- 01 01
03 01 2d 08 <- 00 00
03 01 2d 0c <- 08 00
03 01 32 02 <- 00 05
03 01 32 04 <- 0b 04
03 01 32 14 <- 00 00
03 01 37 00 <- 0f 0f
03 01 37 02 <- 00 00
03 01 37 04 <- 0f 0f
03 01 3c 02 <- 02 00
03 01 3c 00 <- 04 00
03 01 3c 08 <- 08 00
03 01 41 04 <- 0f 0f
03 01 41 00 <- 04 06
03 01 41 02 <- 02 08
03 01 46 02 <- 00 00
03 01 46 04 <- 00 00
03 01 46 00 <- 08 00
03 01 4b 02 <- 06 0e
03 01 4b 06 <- 06 08
03 01 4b 12 <- 08 00
03 01 50 00 <- 01 01
03 01 50 02 <- 08 00
03 01 50 0a <- 08 00
03 01 55 00 <- 08 00
03 01 55 02 <- 08 00
03 01 55 04 <- 0f 0f
03 01 5a 00 <- 04 00
03 01 5a 02 <- 08 00
03 01 5a 04 <- 08 00
03 01 5f 00 <- 0f 0f
d6 38 dc 00 <- 06 09
d6 38 dc 00 <- 06 09
03 01 64 00 <- 00 00
03 01 64 02 <- 0f 0f
03 01 64 04 <- 00 00
03 01 69 04 <- 09 0a
03 01 69 02 <- 07 08
03 01 69 00 <- 09 0a
03 01 6e 00 <- 00 00
03 01 6e 02 <- 04 0e
03 01 6e 04 <- 00 00
d6 00 dc 00 <- 06 09
d6 00 dc 00 <- 06 09
d6 00 dc 00 <- 06 09
03 00 04 00 <- 09 02
03 00 04 02 <- 00 04
03 00 04 04 <- 00 00
03 00 09 04 <- 04 0e
03 00 09 06 <- 08 00
03 00 09 02 <- 0f 0f
03 00 0e 02 <- 00 00
03 00 0e 04 <- 0d 0e
03 00 0e 06 <- 00 00
03 00 13 04 <- 06 04
03 00 13 02 <- 00 00
03 00 13 00 <- 08 00
03 00 18 04 <- 08 00
03 00 18 02 <- 04 00
03 00 18 08 <- 0b 04
03 00 1d 04 <- 08 00
03 00 1d 02 <- 01 08
03 00 1d 08 <- 0b 04
03 00 22 02 <- 08 00
03 00 22 04 <- 08 00
03 00 22 00 <- 0f 0f
03 00 27 02 <- 08 00
03 00 27 04 <- 08 00
03 00 27 00 <- 0f 0f
03 00 2c 04 <- 0a 0c
03 00 2c 06 <- 07 08
03 00 2c 02 <- 08 00
03 00 31 00 <- 00 02
03 00 31 02 <- 0c 08
03 00 31 04 <- 08 00
03 00 36 0e <- 02 01
03 00 36 14 <- 02 04
03 00 36 1a <- 01 08
03 00 3b 06 <- 02 08
03 00 3b 0c <- 0f 0f
03 00 3b 0a <- 06 04
03 00 40 00 <- 00 00
03 00 40 02 <- 0c 08
03 00 40 04 <- 00 00
03 00 45 06 <- 08 00
03 00 45 00 <- 06 00
03 00 45 04 <- 08 00
03 00 4a 00 <- 00 00
03 00 4a 02 <- 08 00
03 00 4a 04 <- 08 00
03 00 4f 08 <- 0d 0c
03 00 4f 06 <- 0b 02
03 00 4f 00 <- 00 01
03 00 54 04 <- 08 00
03 00 54 08 <- 08 00
03 00 54 02 <- 08 00
03 00 59 02 <- 00 05
03 00 59 04 <- 08 00
03 00 59 00 <- 08 00
03 00 5e 02 <- 00 0a
03 00 5e 06 <- 01 04
03 00 5e 12 <- 00 0a
03 00 63 00 <- 00 01
03 00 63 02 <- 00 04
03 00 63 0c <- 08 00
03 00 68 00 <- 08 00
03 00 68 02 <- 00 00
03 00 68 0a <- 08 00
03 00 6d 00 <- 01 03
03 00 6d 08 <- 01 0f
03 00 6d 14 <- 08 00
03 00 72 22 <- 00 00
03 00 72 04 <- 0a 00
03 00 72 20 <- 0f 0f
03 00 77 02 <- 0f 0f
03 00 77 00 <- 00 02
03 00 77 08 <- 00 00
03 00 7c 04 <- 0f 0f
03 00 7c 00 <- 00 05
03 00 7c 06 <- 0a 0a
03 01 01 00 <- 00 00
03 01 01 04 <- 04 07
03 01 01 02 <- 0f 0f
03 01 06 00 <- 00 00
03 01 06 02 <- 00 00
03 01 06 04 <- 0f 0f
03 01 0b 00 <- 08 00
03 01 0b 02 <- 08 00
03 01 0b 06 <- 08 00
03 01 10 00 <- 08 00
03 01 10 02 <- 08 00
03 01 10 06 <- 08 00
03 01 15 00 <- 00 04
03 01 15 02 <- 00 04
03 01 15 06 <- 00 01
03 01 1a 00 <- 06 04
03 01 1a 02 <- 03 02
03 01 1a 04 <- 0c 08
03 01 1f 00 <- 0a 00
03 01 1f 02 <- 00 00
03 01 1f 04 <- 00 00
03 01 24 1a <- 08 08
03 01 24 1c <- 0e 06
03 01 24 1e <- 01 00
03 01 29 04 <- 08 00
03 01 29 06 <- 08 00
03 01 29 00 <- 00 02
03 01 2e 06 <- 01 01
03 01 2e 08 <- 00 00
03 01 2e 0c <- 08 00
03 01 33 02 <- 00 05
03 01 33 04 <- 0b 04
03 01 33 14 <- 00 00
03 01 38 00 <- 0f 0f
03 01 38 02 <- 00 00
03 01 38 04 <- 0f 0f
03 01 3d 02 <- 02 00
03 01 3d 00 <- 04 00
03 01 3d 08 <- 08 00
03 01 42 04 <- 0f 0f
03 01 42 00 <- 04 06
03 01 42 02 <- 02 08
03 01 47 02 <- 00 00
03 01 47 04 <- 00 00
03 01 47 00 <- 08 00
03 01 4c 02 <- 06 0e
03 01 4c 06 <- 06 08
03 01 4c 12 <- 08 00
03 01 51 00 <- 01 01
03 01 51 02 <- 08 00
03 01 51 0a <- 08 00
03 01 56 00 <- 08 00
03 01 56 02 <- 08 00
03 01 56 04 <- 0f 0f
03 01 5b 00 <- 04 00
03 01 5b 02 <- 08 00
03 01 5b 04 <- 08 00
03 01 60 00 <- 0f 0f
d6 38 dc 00 <- 06 09
d6 38 dc 00 <- 06 09
03 01 65 00 <- 00 00
03 01 65 02 <- 0f 0f
03 01 65 04 <- 00 00
03 01 6a 04 <- 09 0a
03 01 6a 02 <- 07 08
03 01 6a 00 <- 09 0a
03 01 6f 00 <- 00 00
03 01 6f 02 <- 04 0e
03 01 6f 04 <- 00 00
02 00 00 3e <- 00 00
02 01 00 00 <- 00 01
02 01 00 1c <- 00 02
02 02 00 06 <- 00 01
03 00 03 00 <- 09 02
03 00 03 02 <- 00 04
03 00 03 04 <- 00 00
03 00 04 00 <- 09 02
03 00 04 02 <- 00 04
03 00 04 04 <- 00 00
03 00 08 04 <- 04 0e
03 00 08 06 <- 08 00
03 00 08 02 <- 0f 0f
03 00 09 04 <- 04 0e
03 00 09 06 <- 08 00
03 00 09 02 <- 0f 0f
03 00 0d 02 <- 00 00
03 00 0d 04 <- 0b 0e
03 00 0d 06 <- 00 00
03 00 0e 02 <- 00 00
03 00 0e 04 <- 0b 0e
03 00 0e 06 <- 00 00
03 00 12 04 <- 06 04
03 00 12 02 <- 00 00
03 00 12 00 <- 08 00
03 00 13 04 <- 06 04
03 00 13 02 <- 00 00
03 00 13 00 <- 08 00
03 00 17 04 <- 08 00
03 00 17 02 <- 04 00
03 00 17 08 <- 0b 04
03 00 18 04 <- 08 00
03 00 18 02 <- 04 00
03 00 18 08 <- 0b 04
03 00 1c 04 <- 08 00
03 00 1c 02 <- 01 08
03 00 1c 08 <- 0b 04
03 00 1d 04 <- 08 00
03 00 1d 02 <- 01 08
03 00 1d 08 <- 0b 04
03 00 21 02 <- 08 00
03 00 21 04 <- 08 00
03 00 21 00 <- 0f 0f
03 00 22 02 <- 08 00
03 00 22 04 <- 08 00
03 00 22 00 <- 0f 0f
03 00 26 02 <- 08 00
03 00 26 04 <- 08 00
03 00 26 00 <- 0f 0f
03 00 27 02 <- 08 00
03 00 27 04 <- 08 00
03 00 27 00 <- 0f 0f
03 00 2b 04 <- 0a 0c
03 00 2b 06 <- 07 08
03 00 2b 02 <- 08 00
03 00 2c 04 <- 0a 0c
03 00 2c 06 <- 07 08
03 00 2c 02 <- 08 00
03 00 30 00 <- 00 02
03 00 30 02 <- 08 00
03 00 30 04 <- 06 04
03 00 31 00 <- 00 02
03 00 31 02 <- 08 00
03 00 31 04 <- 06 04
03 00 35 0e <- 01 08
03 00 35 14 <- 02 02
03 00 35 1a <- 01 0d
03 00 36 0e <- 01 08
03 00 36 14 <- 02 02
03 00 36 1a <- 01 0d
03 00 3a 06 <- 02 08
03 00 3a 0c <- 0f 0f
03 00 3a 0a <- 06 04
03 00 3b 06 <- 02 08
03 00 3b 0c <- 0f 0f
03 00 3b 0a <- 06 04
03 00 3f 00 <- 00 00
03 00 3f 02 <- 0c 08
03 00 3f 04 <- 00 00
03 00 40 00 <- 00 00
03 00 40 02 <- 0c 08
03 00 40 04 <- 00 00
03 00 44 06 <- 08 00
03 00 44 00 <- 06 00
03 00 44 04 <- 08 00
03 00 45 06 <- 08 00
03 00 45 00 <- 06 00
03 00 45 04 <- 08 00
03 00 49 00 <- 00 00
03 00 49 02 <- 02 00
03 00 49 04 <- 08 00
03 00 4a 00 <- 00 00
03 00 4a 02 <- 02 00
03 00 4a 04 <- 08 00
03 00 4e 08 <- 0d 0c
03 00 4e 06 <- 0b 02
03 00 4e 00 <- 00 01
03 00 4f 08 <- 0d 0c
03 00 4f 06 <- 0b 02
03 00 4f 00 <- 00 01
03 00 53 04 <- 08 00
03 00 53 08 <- 08 00
03 00 53 02 <- 08 00
03 00 54 04 <- 08 00
03 00 54 08 <- 08 00
03 00 54 02 <- 08 00
03 00 58 02 <- 00 05
03 00 58 04 <- 08 00
03 00 58 00 <- 08 00
03 00 59 02 <- 00 05
03 00 59 04 <- 08 00
03 00 59 00 <- 08 00
03 00 5d 02 <- 00 0f
03 00 5d 06 <- 00 0f
03 00 5d 12 <- 00 0f
03 00 5e 02 <- 00 0f
03 00 5e 06 <- 00 0f
03 00 5e 12 <- 00 0f
03 00 62 00 <- 00 05
03 00 62 02 <- 00 00
03 00 62 0c <- 06 0a
03 00 63 00 <- 00 05
03 00 63 02 <- 00 00
03 00 63 0c <- 06 0a
03 00 67 00 <- 08 00
03 00 67 02 <- 00 00
03 00 67 0a <- 08 00
03 00 68 00 <- 08 00
03 00 68 02 <- 00 00
03 00 68 0a <- 08 00
03 00 6c 00 <- 01 03
03 00 6c 08 <- 01 0f
03 00 6c 14 <- 08 00
03 00 6d 00 <- 01 03
03 00 6d 08 <- 01 0f
03 00 6d 14 <- 08 00
03 00 71 22 <- 00 00
03 00 71 04 <- 0a 00
03 00 71 20 <- 0f 0f
03 00 72 22 <- 00 00
03 00 72 04 <- 0a 00
03 00 72 20 <- 0f 0f
03 00 76 02 <- 0f 0f
03 00 76 00 <- 00 02
03 00 76 08 <- 00 00
03 00 77 02 <- 0f 0f
03 00 77 00 <- 00 02
03 00 77 08 <- 00 00
03 00 7b 04 <- 0f 0f
03 00 7b 00 <- 00 05
03 00 7b 06 <- 06 04
03 00 7c 04 <- 0f 0f
03 00 7c 00 <- 00 05
03 00 7c 06 <- 06 04
03 01 00 00 <- 00 00
03 01 00 04 <- 05 00
03 01 00 02 <- 0f 0f
03 01 01 00 <- 00 00
03 01 01 04 <- 05 00
03 01 01 02 <- 0f 0f
03 01 05 00 <- 00 00
03 01 05 02 <- 00 00
03 01 05 04 <- 0f 0f
03 01 06 00 <- 00 00
03 01 06 02 <- 00 00
03 01 06 04 <- 0f 0f
03 01 0a 00 <- 08 00
03 01 0a 02 <- 08 00
03 01 0a 06 <- 08 00
03 01 0b 00 <- 08 00
03 01 0b 02 <- 08 00
03 01 0b 06 <- 08 00
03 01 0f 00 <- 08 00
03 01 0f 02 <- 08 00
03 01 0f 06 <- 08 00
03 01 10 00 <- 08 00
03 01 10 02 <- 08 00
03 01 10 06 <- 08 00
03 01 14 00 <- 00 04
03 01 14 02 <- 00 04
03 01 14 06 <- 00 01
03 01 15 00 <- 00 04
03 01 15 02 <- 00 04
03 01 15 06 <- 00 01
03 01 19 00 <- 06 04
03 01 19 02 <- 00 06
03 01 19 04 <- 0c 08
03 01 1a 00 <- 06 04
03 01 1a 02 <- 00 06
03 01 1a 04 <- 0c 08
03 01 1e 00 <- 0a 00
03 01 1e 02 <- 00 00
03 01 1e 04 <- 00 00
03 01 1f 00 <- 0a 00
03 01 1f 02 <- 00 00
03 01 1f 04 <- 00 00
03 01 23 1a <- 08 08
03 01 23 1c <- 08 02
03 01 23 1e <- 01 00
03 01 24 1a <- 08 08
03 01 24 1c <- 08 02
03 01 24 1e <- 01 00
03 01 28 04 <- 03 04
03 01 28 06 <- 03 04
03 01 28 00 <- 00 00
03 01 29 04 <- 03 04
03 01 29 06 <- 03 04
03 01 29 00 <- 00 00
03 01 2d 06 <- 01 01
03 01 2d 08 <- 00 00
03 01 2d 0c <- 08 00
03 01 2e 06 <- 01 01
03 01 2e 08 <- 00 00
03 01 2e 0c <- 08 00
03 01 32 02 <- 00 05
03 01 32 04 <- 0b 04
03 01 32 14 <- 00 00
03 01 33 02 <- 00 05
03 01 33 04 <- 0b 04
03 01 33 14 <- 00 00
03 01 37 00 <- 0f 0f
03 01 37 02 <- 00 00
03 01 37 04 <- 0f 0f
03 01 38 00 <- 0f 0f
03 01 38 02 <- 00 00
03 01 38 04 <- 0f 0f
03 01 3c 02 <- 02 00
03 01 3c 00 <- 07 03
03 01 3c 08 <- 08 00
03 01 3d 02 <- 02 00
03 01 3d 00 <- 07 03
03 01 3d 08 <- 08 00
03 01 41 04 <- 0f 0f
03 01 41 00 <- 01 06
03 01 41 02 <- 02 08
03 01 42 04 <- 0f 0f
03 01 42 00 <- 01 06
03 01 42 02 <- 02 08
03 01 46 02 <- 00 00
03 01 46 04 <- 00 00
03 01 46 00 <- 08 00
03 01 47 02 <- 00 00
03 01 47 04 <- 00 00
03 01 47 00 <- 08 00
03 01 4b 02 <- 06 0e
03 01 4b 06 <- 06 08
03 01 4b 12 <- 08 00
03 01 4c 02 <- 06 0e
03 01 4c 06 <- 06 08
03 01 4c 12 <- 08 00
03 01 50 00 <- 00 00
03 01 50 02 <- 00 00
03 01 50 0a <- 00 00
03 01 51 00 <- 00 00
03 01 51 02 <- 00 00
03 01 51 0a <- 00 00
03 01 55 00 <- 08 00
03 01 55 02 <- 08 00
03 01 55 04 <- 0f 0f
03 01 56 00 <- 08 00
03 01 56 02 <- 08 00
03 01 56 04 <- 0f 0f
03 01 5a 00 <- 04 00
03 01 5a 02 <- 08 00
03 01 5a 04 <- 08 00
03 01 5b 00 <- 04 00
03 01 5b 02 <- 08 00
03 01 5b 04 <- 08 00
03 01 5f 00 <- 00 00
03 01 60 00 <- 00 00
03 01 64 00 <- 00 00
03 01 64 02 <- 0f 0f
03 01 64 04 <- 00 00
03 01 65 00 <- 00 00
03 01 65 02 <- 0f 0f
03 01 65 04 <- 00 00
03 01 69 04 <- 09 0a
03 01 69 02 <- 07 08
03 01 69 00 <- 09 0a
03 01 6a 04 <- 09 0a
03 01 6a 02 <- 07 08
03 01 6a 00 <- 09 0a
03 01 6e 00 <- 00 00
03 01 6e 02 <- 0a 08
03 01 6e 04 <- 00 00
03 01 6f 00 <- 00 00
03 01 6f 02 <- 0a 08
03 01 6f 04 <- 00 00
03 00 01 06 <- 00 01
03 00 01 08 <- 05 08
03 00 01 0a <- 01 08
03 00 02 06 <- 00 01
03 00 02 08 <- 05 08
03 00 02 0a <- 01 08
03 00 06 10 <- 00 08
03 00 06 0c <- 00 0d
03 00 06 00 <- 00 00
03 00 07 10 <- 00 08
03 00 07 0c <- 00 0d
03 00 07 00 <- 00 00
03 00 15 06 <- 08 00
03 00 15 00 <- 08 00
03 00 15 0c <- 00 01
03 00 16 06 <- 08 00
03 00 16 00 <- 08 00
03 00 16 0c <- 00 01
03 00 1a 06 <- 08 00
03 00 1a 00 <- 08 00
03 00 1a 0e <- 00 01
03 00 1b 06 <- 08 00
03 00 1b 00 <- 08 00
03 00 1b 0e <- 00 01
03 00 1f 06 <- 0d 04
03 00 20 06 <- 0d 04
03 00 24 06 <- 08 00
03 00 25 06 <- 08 00
03 00 29 08 <- 00 06
03 00 29 16 <- 00 00
03 00 29 18 <- 00 00
03 00 2a 08 <- 00 06
03 00 2a 16 <- 00 00
03 00 2a 18 <- 00 00
03 00 2e 08 <- 00 0e
03 00 2e 0a <- 00 0b
03 00 2e 06 <- 00 05
03 00 2f 08 <- 00 0e
03 00 2f 0a <- 00 0b
03 00 2f 06 <- 00 05
03 00 33 2a <- 07 04
03 00 34 2a <- 07 04
03 00 38 08 <- 00 06
03 00 38 02 <- 0f 0f
03 00 38 0e <- 00 0a
03 00 39 08 <- 00 06
03 00 39 02 <- 0f 0f
03 00 39 0e <- 00 0a
03 00 42 08 <- 00 0f
03 00 42 0a <- 00 0f
03 00 42 02 <- 0f 0f
03 00 43 08 <- 00 0f
03 00 43 0a <- 00 0f
03 00 43 02 <- 0f 0f
03 00 4c 02 <- 00 05
03 00 4c 04 <- 00 01
03 00 4d 02 <- 00 05
03 00 4d 04 <- 00 01
03 00 51 0c <- 0f 0f
03 00 51 00 <- 00 00
03 00 51 06 <- 00 01
03 00 52 0c <- 0f 0f
03 00 52 00 <- 00 00
03 00 52 06 <- 00 01
03 00 56 0e <- 00 00
03 00 56 0a <- 00 0e
03 00 57 0e <- 00 00
03 00 57 0a <- 00 0e
03 00 5b 00 <- 00 0a
03 00 5b 04 <- 00 07
03 00 5b 10 <- 00 03
03 00 5c 00 <- 00 0a
03 00 5c 04 <- 00 07
03 00 5c 10 <- 00 03
03 00 60 06 <- 00 0d
03 00 60 08 <- 0f 0f
03 00 60 0a <- 0f 0f
03 00 61 06 <- 00 0d
03 00 61 08 <- 0f 0f
03 00 61 0a <- 0f 0f
03 00 65 04 <- 00 00
03 00 65 06 <- 00 0f
03 00 65 08 <- 00 0f
03 00 66 04 <- 00 00
03 00 66 06 <- 00 0f
03 00 66 08 <- 00 0f
03 00 6a 04 <- 08 00
03 00 6a 0c <- 08 00
03 00 6b 04 <- 08 00
03 00 6b 0c <- 08 00
03 00 6f 0a <- 08 00
03 00 6f 0c <- 08 00
03 00 6f 0e <- 08 00
03 00 70 0a <- 08 00
03 00 70 0c <- 08 00
03 00 70 0e <- 08 00
03 00 74 06 <- 00 00
03 00 74 0a <- 08 00
03 00 75 06 <- 00 00
03 00 75 0a <- 08 00
03 00 79 02 <- 00 00
03 00 79 08 <- 0d 0c
03 00 7a 02 <- 00 00
03 00 7a 08 <- 0d 0c
03 00 7e 0a <- 00 00
03 00 7e 10 <- 00 00
03 00 7e 06 <- 00 01
03 00 7f 0a <- 00 00
03 00 7f 10 <- 00 00
03 00 7f 06 <- 00 01
03 01 03 06 <- 08 00
03 01 03 08 <- 00 00
03 01 03 0a <- 00 00
03 01 04 06 <- 08 00
03 01 04 08 <- 00 00
03 01 04 0a <- 00 00
03 01 08 04 <- 0e 08
03 01 09 04 <- 0e 08
03 01 0d 04 <- 0f 0f
03 01 0d 08 <- 08 00
03 01 0d 0a <- 00 00
03 01 0e 04 <- 0f 0f
03 01 0e 08 <- 08 00
03 01 0e 0a <- 00 00
03 01 12 08 <- 00 00
03 01 13 08 <- 00 00
03 01 1c 08 <- 0f 0f
03 01 1d 08 <- 0f 0f
03 01 21 14 <- 0c 08
03 01 21 16 <- 00 00
03 01 21 18 <- 00 00
03 01 22 14 <- 0c 08
03 01 22 16 <- 00 00
03 01 22 18 <- 00 00
03 01 26 12 <- 0b 03
03 01 26 10 <- 09 06
03 01 26 0e <- 00 01
03 01 27 12 <- 0b 03
03 01 27 10 <- 09 06
03 01 27 0e <- 00 01
03 01 2b 02 <- 00 00
03 01 2b 0a <- 0c 08
03 01 2b 0e <- 00 00
03 01 2c 02 <- 00 00
03 01 2c 0a <- 0c 08
03 01 2c 0e <- 00 00
03 01 30 12 <- 00 08
03 01 30 0e <- 00 0d
03 01 30 06 <- 00 01
03 01 31 12 <- 00 08
03 01 31 0e <- 00 0d
03 01 31 06 <- 00 01
03 01 35 08 <- 00 00
03 01 35 0a <- 00 0e
03 01 35 06 <- 06 04
03 01 36 08 <- 00 00
03 01 36 0a <- 00 0e
03 01 36 06 <- 06 04
03 01 3a 06 <- 0b 04
03 01 3a 0a <- 00 00
03 01 3a 0c <- 00 00
03 01 3b 06 <- 0b 04
03 01 3b 0a <- 00 00
03 01 3b 0c <- 00 00
03 01 3f 06 <- 03 02
03 01 3f 08 <- 06 04
03 01 3f 0a <- 00 00
03 01 40 06 <- 03 02
03 01 40 08 <- 06 04
03 01 40 0a <- 00 00
03 01 44 06 <- 00 00
03 01 44 08 <- 0f 0f
03 01 45 06 <- 00 00
03 01 45 08 <- 0f 0f
03 01 4e 04 <- 00 00
03 01 4e 06 <- 00 02
03 01 4e 0e <- 0f 0f
03 01 4f 04 <- 00 00
03 01 4f 06 <- 00 02
03 01 4f 0e <- 0f 0f
03 01 53 06 <- 00 00
03 01 53 08 <- 00 00
03 01 53 0a <- 00 01
03 01 54 06 <- 00 00
03 01 54 08 <- 00 00
03 01 54 0a <- 00 01
03 01 67 06 <- 0d 0a
03 01 67 08 <- 03 04
03 01 67 0a <- 00 00
03 01 68 06 <- 0d 0a
03 01 68 08 <- 03 04
03 01 68 0a <- 00 00
03 01 6c 06 <- 0a 0a
03 01 6c 08 <- 0f 0f
03 01 6c 0a <- 00 01
03 01 6d 06 <- 0a 0a
03 01 6d 08 <- 0f 0f
03 01 6d 0a <- 00 01
03 00 03 06 <- 00 01
03 00 03 08 <- 05 08
03 00 03 0a <- 01 08
03 00 04 06 <- 00 01
03 00 04 08 <- 05 08
03 00 04 0a <- 01 08
03 00 08 10 <- 00 08
03 00 08 0c <- 00 0d
03 00 08 00 <- 00 00
03 00 09 10 <- 00 08
03 00 09 0c <- 00 0d
03 00 09 00 <- 00 00
03 00 17 06 <- 08 00
03 00 17 00 <- 08 00
03 00 17 0c <- 00 01
03 00 18 06 <- 08 00
03 00 18 00 <- 08 00
03 00 18 0c <- 00 01
03 00 1c 06 <- 08 00
03 00 1c 00 <- 08 00
03 00 1c 0e <- 00 01
03 00 1d 06 <- 08 00
03 00 1d 00 <- 08 00
03 00 1d 0e <- 00 01
03 00 21 06 <- 0d 04
03 00 22 06 <- 0d 04
03 00 26 06 <- 08 00
03 00 27 06 <- 08 00
03 00 2b 08 <- 00 03
03 00 2b 16 <- 08 00
03 00 2b 18 <- 08 00
03 00 2c 08 <- 00 03
03 00 2c 16 <- 08 00
03 00 2c 18 <- 08 00
03 00 30 08 <- 01 01
03 00 30 0a <- 00 0b
03 00 30 06 <- 00 08
03 00 31 08 <- 01 01
03 00 31 0a <- 00 0b
03 00 31 06 <- 00 08
03 00 35 2a <- 08 04
03 00 36 2a <- 08 04
03 00 3a 08 <- 00 06
03 00 3a 02 <- 0f 0f
03 00 3a 0e <- 00 0a
03 00 3b 08 <- 00 06
03 00 3b 02 <- 0f 0f
03 00 3b 0e <- 00 0a
03 00 44 08 <- 00 0f
03 00 44 0a <- 00 0f
03 00 44 02 <- 0f 0f
03 00 45 08 <- 00 0f
03 00 45 0a <- 00 0f
03 00 45 02 <- 0f 0f
03 00 4e 02 <- 00 05
03 00 4e 04 <- 00 01
03 00 4f 02 <- 00 05
03 00 4f 04 <- 00 01
03 00 53 0c <- 0f 0f
03 00 53 00 <- 00 00
03 00 53 06 <- 00 01
03 00 54 0c <- 0f 0f
03 00 54 00 <- 00 00
03 00 54 06 <- 00 01
03 00 58 0e <- 00 00
03 00 58 0a <- 00 0e
03 00 59 0e <- 00 00
03 00 59 0a <- 00 0e
03 00 5d 00 <- 00 0a
03 00 5d 04 <- 00 07
03 00 5d 10 <- 00 03
03 00 5e 00 <- 00 0a
03 00 5e 04 <- 00 07
03 00 5e 10 <- 00 03
03 00 62 06 <- 01 00
03 00 62 08 <- 0f 0f
03 00 62 0a <- 0f 0f
03 00 63 06 <- 01 00
03 00 63 08 <- 0f 0f
03 00 63 0a <- 0f 0f
03 00 67 04 <- 00 00
03 00 67 06 <- 00 0f
03 00 67 08 <- 00 0f
03 00 68 04 <- 00 00
03 00 68 06 <- 00 0f
03 00 68 08 <- 00 0f
03 00 6c 04 <- 08 00
03 00 6c 0c <- 08 00
03 00 6d 04 <- 08 00
03 00 6d 0c <- 08 00
03 00 71 0a <- 08 00
03 00 71 0c <- 08 00
03 00 71 0e <- 08 00
03 00 72 0a <- 08 00
03 00 72 0c <- 08 00
03 00 72 0e <- 08 00
03 00 76 06 <- 00 00
03 00 76 0a <- 08 00
03 00 77 06 <- 00 00
03 00 77 0a <- 08 00
03 00 7b 02 <- 00 00
03 00 7b 08 <- 00 00
03 00 7c 02 <- 00 00
03 00 7c 08 <- 00 00
03 01 00 0a <- 00 00
03 01 00 10 <- 00 00
03 01 00 06 <- 00 01
03 01 01 0a <- 00 00
03 01 01 10 <- 00 00
03 01 01 06 <- 00 01
03 01 05 06 <- 08 00
03 01 05 08 <- 00 00
03 01 05 0a <- 00 00
03 01 06 06 <- 08 00
03 01 06 08 <- 00 00
03 01 06 0a <- 00 00
03 01 0a 04 <- 0e 08
03 01 0b 04 <- 0e 08
03 01 0f 04 <- 0f 0f
03 01 0f 08 <- 08 00
03 01 0f 0a <- 00 00
03 01 10 04 <- 0f 0f
03 01 10 08 <- 08 00
03 01 10 0a <- 00 00
03 01 14 08 <- 00 00
03 01 15 08 <- 00 00
03 01 1e 08 <- 0f 0f
03 01 1f 08 <- 0f 0f
03 01 23 14 <- 08 00
03 01 23 16 <- 00 00
03 01 23 18 <- 00 00
03 01 24 14 <- 08 00
03 01 24 16 <- 00 00
03 01 24 18 <- 00 00
03 01 28 12 <- 0f 0f
03 01 28 10 <- 07 06
03 01 28 0e <- 00 01
03 01 29 12 <- 0f 0f
03 01 29 10 <- 07 06
03 01 29 0e <- 00 01
03 01 2d 02 <- 00 00
03 01 2d 0a <- 0c 08
03 01 2d 0e <- 00 00
03 01 2e 02 <- 00 00
03 01 2e 0a <- 0c 08
03 01 2e 0e <- 00 00
03 01 32 12 <- 00 08
03 01 32 0e <- 00 0d
03 01 32 06 <- 00 01
03 01 33 12 <- 00 08
03 01 33 0e <- 00 0d
03 01 33 06 <- 00 01
03 01 37 08 <- 00 00
03 01 37 0a <- 00 0e
03 01 37 06 <- 06 04
03 01 38 08 <- 00 00
03 01 38 0a <- 00 0e
03 01 38 06 <- 06 04
03 01 3c 06 <- 0b 04
03 01 3c 0a <- 00 00
03 01 3c 0c <- 00 01
03 01 3d 06 <- 0b 04
03 01 3d 0a <- 00 00
03 01 3d 0c <- 00 01
03 01 41 06 <- 03 02
03 01 41 08 <- 0c 06
03 01 41 0a <- 00 00
03 01 42 06 <- 03 02
03 01 42 08 <- 0c 06
03 01 42 0a <- 00 00
03 01 46 06 <- 00 00
03 01 46 08 <- 0f 0f
03 01 47 06 <- 00 00
03 01 47 08 <- 0f 0f
03 01 50 04 <- 00 00
03 01 50 06 <- 00 00
03 01 50 0e <- 00 00
03 01 51 04 <- 00 00
03 01 51 06 <- 00 00
03 01 51 0e <- 00 00
03 01 55 06 <- 00 00
03 01 55 08 <- 00 00
03 01 55 0a <- 00 01
03 01 56 06 <- 00 00
03 01 56 08 <- 00 00
03 01 56 0a <- 00 01
03 01 69 06 <- 0d 0a
03 01 69 08 <- 03 04
03 01 69 0a <- 00 00
03 01 6a 06 <- 0d 0a
03 01 6a 08 <- 03 04
03 01 6a 0a <- 00 00
03 01 6e 06 <- 0a 0a
03 01 6e 08 <- 0f 0f
03 01 6e 0a <- 00 01
03 01 6f 06 <- 0a 0a
03 01 6f 08 <- 0f 0f
03 01 6f 0a <- 00 01
03 00 01 00 <- 09 02
03 00 01 02 <- 00 04
03 00 01 04 <- 00 00
03 00 02 00 <- 09 02
03 00 02 02 <- 00 04
03 00 02 04 <- 00 00
03 00 06 04 <- 04 0e
03 00 06 06 <- 08 00
03 00 06 02 <- 0f 0f
03 00 07 04 <- 04 0e
03 00 07 06 <- 08 00
03 00 07 02 <- 0f 0f
03 00 0b 02 <- 00 00
03 00 0b 04 <- 0d 0e
03 00 0b 06 <- 00 00
03 00 0c 02 <- 00 00
03 00 0c 04 <- 0d 0e
03 00 0c 06 <- 00 00
03 00 10 04 <- 06 04
03 00 10 02 <- 00 00
03 00 10 00 <- 08 00
03 00 11 04 <- 06 04
03 00 11 02 <- 00 00
03 00 11 00 <- 08 00
03 00 15 04 <- 08 00
03 00 15 02 <- 04 00
03 00 15 08 <- 0b 04
03 00 16 04 <- 08 00
03 00 16 02 <- 04 00
03 00 16 08 <- 0b 04
03 00 1a 04 <- 08 00
03 00 1a 02 <- 01 08
03 00 1a 08 <- 0b 04
03 00 1b 04 <- 08 00
03 00 1b 02 <- 01 08
03 00 1b 08 <- 0b 04
03 00 1f 02 <- 08 00
03 00 1f 04 <- 08 00
03 00 1f 00 <- 0f 0f
03 00 20 02 <- 08 00
03 00 20 04 <- 08 00
03 00 20 00 <- 0f 0f
03 00 24 02 <- 08 00
03 00 24 04 <- 08 00
03 00 24 00 <- 0f 0f
03 00 25 02 <- 08 00
03 00 25 04 <- 08 00
03 00 25 00 <- 0f 0f
03 00 29 04 <- 0a 0c
03 00 29 06 <- 07 08
03 00 29 02 <- 08 00
03 00 2a 04 <- 0a 0c
03 00 2a 06 <- 07 08
03 00 2a 02 <- 08 00
03 00 2e 00 <- 00 02
03 00 2e 02 <- 0c 08
03 00 2e 04 <- 08 00
03 00 2f 00 <- 00 02
03 00 2f 02 <- 0c 08
03 00 2f 04 <- 08 00
03 00 33 0e <- 02 01
03 00 33 14 <- 02 04
03 00 33 1a <- 01 08
03 00 34 0e <- 02 01
03 00 34 14 <- 02 04
03 00 34 1a <- 01 08
03 00 38 06 <- 02 08
03 00 38 0c <- 0f 0f
03 00 38 0a <- 06 04
03 00 39 06 <- 02 08
03 00 39 0c <- 0f 0f
03 00 39 0a <- 06 04
03 00 3d 00 <- 00 00
03 00 3d 02 <- 0c 08
03 00 3d 04 <- 00 00
03 00 3e 00 <- 00 00
03 00 3e 02 <- 0c 08
03 00 3e 04 <- 00 00
03 00 42 06 <- 08 00
03 00 42 00 <- 06 00
03 00 42 04 <- 08 00
03 00 43 06 <- 08 00
03 00 43 00 <- 06 00
03 00 43 04 <- 08 00
03 00 47 00 <- 00 00
03 00 47 02 <- 08 00
03 00 47 04 <- 08 00
03 00 48 00 <- 00 00
03 00 48 02 <- 08 00
03 00 48 04 <- 08 00
03 00 4c 08 <- 0d 0c
03 00 4c 06 <- 0b 02
03 00 4c 00 <- 00 01
03 00 4d 08 <- 0d 0c
03 00 4d 06 <- 0b 02
03 00 4d 00 <- 00 01
03 00 51 04 <- 08 00
03 00 51 08 <- 08 00
03 00 51 02 <- 08 00
03 00 52 04 <- 08 00
03 00 52 08 <- 08 00
03 00 52 02 <- 08 00
03 00 56 02 <- 00 05
03 00 56 04 <- 08 00
03 00 56 00 <- 08 00
03 00 57 02 <- 00 05
03 00 57 04 <- 08 00
03 00 57 00 <- 08 00
03 00 5b 02 <- 00 0a
03 00 5b 06 <- 01 04
03 00 5b 12 <- 00 0a
03 00 5c 02 <- 00 0a
03 00 5c 06 <- 01 04
03 00 5c 12 <- 00 0a
03 00 60 00 <- 00 01
03 00 60 02 <- 00 04
03 00 60 0c <- 08 00
03 00 61 00 <- 00 01
03 00 61 02 <- 00 04
03 00 61 0c <- 08 00
03 00 65 00 <- 08 00
03 00 65 02 <- 00 00
03 00 65 0a <- 08 00
03 00 66 00 <- 08 00
03 00 66 02 <- 00 00
03 00 66 0a <- 08 00
03 00 6a 00 <- 01 03
03 00 6a 08 <- 01 0f
03 00 6a 14 <- 08 00
03 00 6b 00 <- 01 03
03 00 6b 08 <- 01 0f
03 00 6b 14 <- 08 00
03 00 6f 22 <- 00 00
03 00 6f 04 <- 0a 00
03 00 6f 20 <- 0f 0f
03 00 70 22 <- 00 00
03 00 70 04 <- 0a 00
03 00 70 20 <- 0f 0f
03 00 74 02 <- 0f 0f
03 00 74 00 <- 00 02
03 00 74 08 <- 00 00
03 00 75 02 <- 0f 0f
03 00 75 00 <- 00 02
03 00 75 08 <- 00 00
03 00 79 04 <- 0f 0f
03 00 79 00 <- 00 05
03 00 79 06 <- 0a 0a
03 00 7a 04 <- 0f 0f
03 00 7a 00 <- 00 05
03 00 7a 06 <- 0a 0a
03 00 7e 00 <- 00 00
03 00 7e 04 <- 04 07
03 00 7e 02 <- 0f 0f
03 00 7f 00 <- 00 00
03 00 7f 04 <- 04 07
03 00 7f 02 <- 0f 0f
03 01 03 00 <- 00 00
03 01 03 02 <- 00 00
03 01 03 04 <- 0f 0f
03 01 04 00 <- 00 00
03 01 04 02 <- 00 00
03 01 04 04 <- 0f 0f
03 01 08 00 <- 08 00
03 01 08 02 <- 08 00
03 01 08 06 <- 08 00
03 01 09 00 <- 08 00
03 01 09 02 <- 08 00
03 01 09 06 <- 08 00
03 01 0d 00 <- 08 00
03 01 0d 02 <- 08 00
03 01 0d 06 <- 08 00
03 01 0e 00 <- 08 00
03 01 0e 02 <- 08 00
03 01 0e 06 <- 08 00
03 01 12 00 <- 00 04
03 01 12 02 <- 00 04
03 01 12 06 <- 00 01
03 01 13 00 <- 00 04
03 01 13 02 <- 00 04
03 01 13 06 <- 00 01
03 01 17 00 <- 06 04
03 01 17 02 <- 03 02
03 01 17 04 <- 0c 08
03 01 18 00 <- 06 04
03 01 18 02 <- 03 02
03 01 18 04 <- 0c 08
03 01 1c 00 <- 0a 00
03 01 1c 02 <- 00 00
03 01 1c 04 <- 00 00
03 01 1d 00 <- 0a 00
03 01 1d 02 <- 00 00
03 01 1d 04 <- 00 00
03 01 21 1a <- 08 08
03 01 21 1c <- 0e 06
03 01 21 1e <- 01 00
03 01 22 1a <- 08 08
03 01 22 1c <- 0e 06
03 01 22 1e <- 01 00
03 01 26 04 <- 03 03
03 01 26 06 <- 09 09
03 01 26 00 <- 00 02
03 01 27 04 <- 03 03
03 01 27 06 <- 09 09
03 01 27 00 <- 00 02
03 01 2b 06 <- 01 01
03 01 2b 08 <- 00 00
03 01 2b 0c <- 08 00
03 01 2c 06 <- 01 01
03 01 2c 08 <- 00 00
03 01 2c 0c <- 08 00
03 01 30 02 <- 00 05
03 01 30 04 <- 0b 04
03 01 30 14 <- 00 00
03 01 31 02 <- 00 05
03 01 31 04 <- 0b 04
03 01 31 14 <- 00 00
03 01 35 00 <- 0f 0f
03 01 35 02 <- 00 00
03 01 35 04 <- 0f 0f
03 01 36 00 <- 0f 0f
03 01 36 02 <- 00 00
03 01 36 04 <- 0f 0f
03 01 3a 02 <- 02 00
03 01 3a 00 <- 04 00
03 01 3a 08 <- 08 00
03 01 3b 02 <- 02 00
03 01 3b 00 <- 04 00
03 01 3b 08 <- 08 00
03 01 3f 04 <- 0f 0f
03 01 3f 00 <- 04 06
03 01 3f 02 <- 02 08
03 01 40 04 <- 0f 0f
03 01 40 00 <- 04 06
03 01 40 02 <- 02 08
03 01 44 02 <- 00 00
03 01 44 04 <- 00 00
03 01 44 00 <- 08 00
03 01 45 02 <- 00 00
03 01 45 04 <- 00 00
03 01 45 00 <- 08 00
03 01 49 02 <- 06 0e
03 01 49 06 <- 06 08
03 01 49 12 <- 08 00
03 01 4a 02 <- 06 0e
03 01 4a 06 <- 06 08
03 01 4a 12 <- 08 00
03 01 4e 00 <- 01 01
03 01 4e 02 <- 08 00
03 01 4e 0a <- 08 00
03 01 4f 00 <- 01 01
03 01 4f 02 <- 08 00
03 01 4f 0a <- 08 00
03 01 53 00 <- 08 00
03 01 53 02 <- 08 00
03 01 53 04 <- 0f 0f
03 01 54 00 <- 08 00
03 01 54 02 <- 08 00
03 01 54 04 <- 0f 0f
03 01 58 00 <- 04 00
03 01 58 02 <- 08 00
03 01 58 04 <- 08 00
03 01 59 00 <- 04 00
03 01 59 02 <- 08 00
03 01 59 04 <- 08 00
03 01 5d 00 <- 0f 0f
03 01 5e 00 <- 0f 0f
03 01 62 00 <- 00 00
03 01 62 02 <- 0f 0f
03 01 62 04 <- 00 00
03 01 63 00 <- 00 00
03 01 63 02 <- 0f 0f
03 01 63 04 <- 00 00
03 01 67 04 <- 09 0a
03 01 67 02 <- 07 08
03 01 67 00 <- 09 0a
03 01 68 04 <- 09 0a
03 01 68 02 <- 07 08
03 01 68 00 <- 09 0a
03 01 6c 00 <- 00 00
03 01 6c 02 <- 0a 08
03 01 6c 04 <- 00 00
03 01 6d 00 <- 00 00
03 01 6d 02 <- 0a 08
03 01 6d 04 <- 00 00
03 00 00 00 <- 09 02
03 00 00 02 <- 00 04
03 00 00 04 <- 00 00
03 00 05 04 <- 04 0e
03 00 05 06 <- 08 00
03 00 05 02 <- 0f 0f
03 00 0a 02 <- 00 00
03 00 0a 04 <- 0d 0e
03 00 0a 06 <- 00 00
03 00 0f 04 <- 06 04
03 00 0f 02 <- 00 00
03 00 0f 00 <- 08 00
03 00 14 04 <- 08 00
03 00 14 02 <- 04 00
03 00 14 08 <- 0b 04
03 00 19 04 <- 08 00
03 00 19 02 <- 01 08
03 00 19 08 <- 0b 04
03 00 1e 02 <- 08 00
03 00 1e 04 <- 08 00
03 00 1e 00 <- 0f 0f
03 00 23 02 <- 08 00
03 00 23 04 <- 08 00
03 00 23 00 <- 0f 0f
03 00 28 04 <- 0a 0c
03 00 28 06 <- 07 08
03 00 28 02 <- 08 00
03 00 2d 00 <- 00 02
03 00 2d 02 <- 08 00
03 00 2d 04 <- 06 04
03 00 32 0e <- 01 08
03 00 32 14 <- 02 02
03 00 32 1a <- 01 0d
03 00 37 06 <- 02 08
03 00 37 0c <- 0f 0f
03 00 37 0a <- 06 04
03 00 3c 00 <- 00 00
03 00 3c 02 <- 0c 08
03 00 3c 04 <- 00 00
03 00 41 06 <- 08 00
03 00 41 00 <- 06 00
03 00 41 04 <- 08 00
03 00 46 00 <- 00 00
03 00 46 02 <- 08 00
03 00 46 04 <- 08 00
03 00 4b 08 <- 0d 0c
03 00 4b 06 <- 0b 02
03 00 4b 00 <- 00 01
03 00 50 04 <- 08 00
03 00 50 08 <- 08 00
03 00 50 02 <- 08 00
03 00 55 02 <- 00 05
03 00 55 04 <- 08 00
03 00 55 00 <- 08 00
03 00 5a 02 <- 00 0f
03 00 5a 06 <- 00 0f
03 00 5a 12 <- 00 0f
03 00 5f 00 <- 00 05
03 00 5f 02 <- 00 00
03 00 5f 0c <- 06 0a
03 00 64 00 <- 08 00
03 00 64 02 <- 00 00
03 00 64 0a <- 08 00
03 00 69 00 <- 01 03
03 00 69 08 <- 01 0f
03 00 69 14 <- 08 00
03 00 6e 22 <- 00 00
03 00 6e 04 <- 0a 00
03 00 6e 20 <- 0f 0f
03 00 73 02 <- 0f 0f
03 00 73 00 <- 00 07
03 00 73 08 <- 00 00
03 00 78 04 <- 0f 0f
03 00 78 00 <- 00 01
03 00 78 06 <- 06 04
03 00 7d 00 <- 00 00
03 00 7d 04 <- 0b 08
03 00 7d 02 <- 0f 0f
03 01 02 00 <- 00 00
03 01 02 02 <- 00 00
03 01 02 04 <- 0f 0f
03 01 07 00 <- 08 00
03 01 07 02 <- 08 00
03 01 07 06 <- 08 00
03 01 0c 00 <- 08 00
03 01 0c 02 <- 08 00
03 01 0c 06 <- 08 00
03 01 11 00 <- 00 04
03 01 11 02 <- 00 04
03 01 11 06 <- 00 01
03 01 16 00 <- 06 04
03 01 16 02 <- 03 02
03 01 16 04 <- 0c 08
03 01 1b 00 <- 0a 00
03 01 1b 02 <- 00 00
03 01 1b 04 <- 00 00
03 01 20 1a <- 08 08
03 01 20 1c <- 0e 06
03 01 20 1e <- 01 00
03 01 25 04 <- 08 00
03 01 25 06 <- 08 00
03 01 25 00 <- 00 02
03 01 2a 06 <- 01 01
03 01 2a 08 <- 00 00
03 01 2a 0c <- 08 00
03 01 2f 02 <- 00 05
03 01 2f 04 <- 0b 04
03 01 2f 14 <- 00 00
03 01 34 00 <- 0f 0f
03 01 34 02 <- 00 00
03 01 34 04 <- 0f 0f
03 01 39 02 <- 02 00
03 01 39 00 <- 00 06
03 01 39 08 <- 08 00
03 01 3e 04 <- 0f 0f
03 01 3e 00 <- 04 06
03 01 3e 02 <- 02 08
03 01 43 02 <- 00 00
03 01 43 04 <- 00 00
03 01 43 00 <- 08 00
03 01 48 02 <- 06 0e
03 01 48 06 <- 06 08
03 01 48 12 <- 08 00
03 01 4d 00 <- 01 01
03 01 4d 02 <- 08 00
03 01 4d 0a <- 08 00
03 01 52 00 <- 08 00
03 01 52 02 <- 08 00
03 01 52 04 <- 0f 0f
03 01 57 00 <- 04 00
03 01 57 02 <- 08 00
03 01 57 04 <- 08 00
03 01 5c 00 <- 00 00
03 01 61 00 <- 00 00
03 01 61 02 <- 0f 0f
03 01 61 04 <- 00 00
03 01 66 04 <- 09 0a
03 01 66 02 <- 07 08
03 01 66 00 <- 09 0a
03 01 6b 00 <- 00 00
03 01 6b 02 <- 00 00
03 01 6b 04 <- 00 00
03 00 00 06 <- 00 01
03 00 00 08 <- 05 08
03 00 00 0a <- 01 08
03 00 05 10 <- 00 08
03 00 05 0c <- 00 0d
03 00 05 00 <- 00 00
03 00 14 06 <- 08 00
03 00 14 00 <- 08 00
03 00 14 0c <- 00 01
03 00 19 06 <- 08 00
03 00 19 00 <- 08 00
03 00 19 0e <- 00 01
03 00 1e 06 <- 0d 04
03 00 23 06 <- 08 00
03 00 28 08 <- 00 03
03 00 28 16 <- 08 00
03 00 28 18 <- 08 00
03 00 2d 08 <- 00 0e
03 00 2d 0a <- 00 0b
03 00 2d 06 <- 00 05
03 00 32 2a <- 07 04
03 00 37 08 <- 00 06
03 00 37 02 <- 0f 0f
03 00 37 0e <- 00 0a
03 00 41 08 <- 00 0f
03 00 41 0a <- 00 0f
03 00 41 02 <- 0f 0f
03 00 4b 02 <- 00 05
03 00 4b 04 <- 00 01
03 00 50 0c <- 0f 0f
03 00 50 00 <- 00 00
03 00 50 06 <- 00 01
03 00 55 0e <- 00 00
03 00 55 0a <- 00 0e
03 00 5a 00 <- 00 0a
03 00 5a 04 <- 00 07
03 00 5a 10 <- 00 03
03 00 5f 06 <- 00 0d
03 00 5f 08 <- 0f 0f
03 00 5f 0a <- 0f 0f
03 00 64 04 <- 00 00
03 00 64 06 <- 00 0f
03 00 64 08 <- 00 0f
03 00 69 04 <- 08 00
03 00 69 0c <- 08 00
03 00 6e 0a <- 08 00
03 00 6e 0c <- 08 00
03 00 6e 0e <- 08 00
03 00 73 06 <- 00 00
03 00 73 0a <- 08 00
03 00 78 02 <- 00 00
03 00 78 08 <- 0d 0c
03 00 7d 0a <- 00 00
03 00 7d 10 <- 00 00
03 00 7d 06 <- 00 01
03 01 02 06 <- 08 00
03 01 02 08 <- 00 00
03 01 02 0a <- 00 00
03 01 07 04 <- 0e 08
03 01 0c 04 <- 0f 0f
03 01 0c 08 <- 08 00
03 01 0c 0a <- 00 00
03 01 11 08 <- 00 00
03 01 1b 08 <- 0f 0f
03 01 20 14 <- 0c 08
03 01 20 16 <- 00 00
03 01 20 18 <- 00 00
03 01 25 12 <- 00 00
03 01 25 10 <- 08 00
03 01 25 0e <- 00 00
03 01 2a 02 <- 00 00
03 01 2a 0a <- 0c 08
03 01 2a 0e <- 00 00
03 01 2f 12 <- 00 08
03 01 2f 0e <- 00 0d
03 01 2f 06 <- 00 01
03 01 34 08 <- 00 00
03 01 34 0a <- 00 0e
03 01 34 06 <- 06 04
03 01 39 06 <- 0b 04
03 01 39 0a <- 00 00
03 01 39 0c <- 00 00
03 01 3e 06 <- 03 02
03 01 3e 08 <- 06 04
03 01 3e 0a <- 00 00
03 01 43 06 <- 00 00
03 01 43 08 <- 0f 0f
03 01 4d 04 <- 00 00
03 01 4d 06 <- 00 02
03 01 4d 0e <- 0f 0f
03 01 52 06 <- 00 00
03 01 52 08 <- 00 00
03 01 52 0a <- 00 01
03 01 66 06 <- 0d 0a
03 01 66 08 <- 03 04
03 01 66 0a <- 00 00
03 01 6b 06 <- 00 00
03 01 6b 08 <- 00 00
03 01 6b 0a <- 00 00
02 01 00 24 <- 00 02
10 00 1a 01 <- 00 00
02 00 00 02 <- 00 00
02 02 00 00 <- 00 03 04 08
02 00 00 00 <- 00 00
